rep,id,eta_lambda,eta_beta_prime_exp,eta_fD,eta_lambdaEstr_exp,eta_dI,eta_dD,eta_r,eta_alphaE,eta_thetaE,eta_dE,eta_omega_exp,eta_T0_exp,eta_V0_exp,group
1,29915,-0.889395071317686,0,-0.0409066817189547,0.0104519328204085,0,1.13588017525953,-0.45790783793096,0.0469817013728221,0,0,-0.113289759664561,0,0,H6 50AID50
2,29915,-1.34741991850379,0,0.0659701473512959,0.305095606759634,0,0.494067962513578,-0.54976428429173,0.0718617037002369,0,0,-0.688312573281629,0,0,H6 50AID50
3,29915,-1.07833716386295,0,0.0707177691096409,-0.0354022925682325,0,0.587055375827726,-0.485799459235261,-0.0356122170078852,0,0,-0.0490882954993186,0,0,H6 50AID50
4,29915,-1.41224486541396,0,0.119319424377343,0.0891259380313458,0,-0.31808233994407,0.259321833858475,-0.145027985005133,0,0,-0.233827117021684,0,0,H6 50AID50
5,29915,-0.0525740212803132,0,0.0294653052097219,-0.0702810153639199,0,0.526916166978053,-0.116193004337255,-0.077855960201573,0,0,0.271682168397959,0,0,H6 50AID50
6,29915,-1.06669330431737,0,-0.010084972515974,0.0690182263128484,0,-0.496952092784646,-0.572107433159283,0.0874938107724868,0,0,-0.213688680346493,0,0,H6 50AID50
7,29915,-1.7910553399658,0,0.0682699313611025,0.208548349491625,0,-0.617010028261431,0.0697127180492043,-0.0234789027636242,0,0,-0.448593243766236,0,0,H6 50AID50
8,29915,-1.28446567549029,0,-0.0205121787591953,-0.0273287649983368,0,0.81675151615881,-0.339690313459265,-0.03124369188089,0,0,-0.165175643436365,0,0,H6 50AID50
9,29915,-1.45519746866337,0,0.0287444752187038,0.0736815326952445,0,0.532240726778776,-0.615515723226464,-0.124166291147488,0,0,-0.318935315353994,0,0,H6 50AID50
10,29915,-1.46164810172271,0,0.0476940696549272,0.0694851156621746,0,0.36942176814938,-0.475271832201884,-0.259327050960072,0,0,-0.250587298769614,0,0,H6 50AID50
1,29925,-1.61883729829034,0,0.363721462888695,0.483644088650313,0,0.710625532994991,-0.256407805931037,0.282740240247454,0,0,-0.723217372476743,0,0,H6 50AID50
2,29925,-1.46350289908136,0,0.449816622261664,0.334993886147315,0,1.62320972419521,-0.496697041759616,0.379355229794733,0,0,-0.532510394412086,0,0,H6 50AID50
3,29925,-1.7517846636745,0,0.380117993745202,0.0690365775876809,0,0.734671901024976,0.37276602317512,0.422942922432109,0,0,-0.21477961175642,0,0,H6 50AID50
4,29925,-1.2670057349306,0,0.387441013239754,-0.161068752410869,0,1.30906730665843,-2.08902848035095,0.0462143532329617,0,0,0.099974705268971,0,0,H6 50AID50
5,29925,-1.46505937655704,0,0.497459889126445,0.39263703832485,0,1.82644447874216,-0.587088296331546,0.412903829449737,0,0,-0.668052618569539,0,0,H6 50AID50
6,29925,-1.91056224658604,0,0.465890434596287,0.308702312589784,0,1.67152196062281,-0.526224778453759,0.413561464699362,0,0,-0.682373060582143,0,0,H6 50AID50
7,29925,-1.51926848933324,0,0.384948991866216,0.247866705477954,0,1.29537636388408,-0.703586950663927,0.391308298837183,0,0,-0.479757923262811,0,0,H6 50AID50
8,29925,-1.26721958408445,0,0.429413315552125,-0.155060180474396,0,1.20908319009894,-1.54004427926242,0.0259592815478976,0,0,0.0121669183481958,0,0,H6 50AID50
9,29925,-1.89887750936321,0,0.466567634675631,-0.0778450200164666,0,1.55083200228136,-0.53184857932558,0.315743714643536,0,0,-0.301931531724137,0,0,H6 50AID50
10,29925,-1.17727001553644,0,0.372095605655897,-0.0145921893078408,0,1.29280681238099,-1.5335319747337,0.0662955617017699,0,0,-0.0733839395632276,0,0,H6 50AID50
1,BD536,-0.525468721354042,0,-0.0763715849486403,0.414425881272424,0,-0.598619078929801,-0.628939745872047,-0.0755279321054536,0,0,-0.214271079187895,0,0,Non H6 5AID50
2,BD536,0.300788131162881,0,-0.088585807241166,0.273468300664072,0,-0.94909402591381,-0.790850073671107,-0.0229743286173926,0,0,0.0658623420130913,0,0,Non H6 5AID50
3,BD536,0.229548894148161,0,-0.15606269570716,0.285753509527569,0,-1.06552058064321,-0.731460603452119,-0.0499714632065902,0,0,0.123334491737146,0,0,Non H6 5AID50
4,BD536,0.784024611263836,0,-0.0136762778556004,0.0547702407267689,0,0.0533982287174889,-1.46564223047996,-0.310623471018604,0,0,0.482086915603362,0,0,Non H6 5AID50
5,BD536,0.233520635729482,0,-0.140159781297039,0.419798394477651,0,-0.377982513381164,-0.217027938088752,0.130791603519082,0,0,-0.230789363130909,0,0,Non H6 5AID50
6,BD536,0.207066679875022,0,-0.0831180526848564,0.167148896479144,0,-1.16978412260723,-1.10864885969539,-0.194252996580679,0,0,0.241909022990419,0,0,Non H6 5AID50
7,BD536,-0.606554874044295,0,-0.124484280741774,0.440810788028358,0,-1.18088451694023,-0.601236256148372,-0.324064024361647,0,0,-0.193606463107458,0,0,Non H6 5AID50
8,BD536,0.856652099036132,0,-0.106891080455515,0.118114648720013,0,-0.577062842160434,-1.42878430672965,0.0948249007575536,0,0,0.287401672329354,0,0,Non H6 5AID50
9,BD536,0.0272536872659848,0,-0.0543643442318822,0.122766760386908,0,-0.650173430587418,-0.85281866450679,-0.276740943223601,0,0,0.328401491325053,0,0,Non H6 5AID50
10,BD536,0.355958886435559,0,-0.066855405015627,0.14055505864937,0,0.137681893180069,-1.44597163740999,-0.0407832100481411,0,0,0.164978441922549,0,0,Non H6 5AID50
1,BA081,2.64660089596739,0,-0.237458609099378,0.14678849717345,0,-0.585976232227961,0.154407079956688,-0.0983582341440545,0,0,0.629438234132952,0,0,H6 50AID50
2,BA081,3.56317154330413,0,-0.142920154247552,0.00231146888798486,0,-0.471515593110187,-0.75384558018046,0.0447796569617207,0,0,0.732264246201641,0,0,H6 50AID50
3,BA081,3.55171607843597,0,-0.267577529581717,0.132939094805375,0,-0.882411502145591,0.0306173148459076,-0.0573130115558785,0,0,0.75686488610986,0,0,H6 50AID50
4,BA081,2.86900301047862,0,-0.288578644354765,0.0992019645402766,0,-0.00500154123980422,-0.704907414892551,0.0788734078337457,0,0,0.596240911598714,0,0,H6 50AID50
5,BA081,3.05527524734491,0,-0.151173618262176,0.134596799137036,0,-0.449786936169914,-0.384835654268299,0.223240252278566,0,0,0.292635116750675,0,0,H6 50AID50
6,BA081,3.00442596981941,0,-0.299777714200506,0.149657103173011,0,-0.643948967935922,-0.263267106877351,-0.107196176621221,0,0,0.686678161187033,0,0,H6 50AID50
7,BA081,3.03998925718564,0,-0.225497027710838,0.132970037831748,0,-1.13492439260953,-0.286167828381785,-0.102138599914376,0,0,0.664266921478013,0,0,H6 50AID50
8,BA081,1.94479970345739,0,-0.163082326165931,0.111177946013942,0,-0.736614929406223,0.120381232451794,-0.196430849599253,0,0,0.59157307141665,0,0,H6 50AID50
9,BA081,2.63080410443425,0,-0.187369760182436,0.102120809686852,0,0.111189051765134,-0.553315526934753,0.156659401582708,0,0,0.344068767278246,0,0,H6 50AID50
10,BA081,2.90952627016769,0,-0.160507411937695,0.0619498486784835,0,-0.959610970474148,0.302290518820939,0.183400234364798,0,0,0.558898083450419,0,0,H6 50AID50
1,31041,-0.801730231426737,0,-0.0618444603958332,-0.27938904532779,0,-1.00564225933073,0.207528449239574,-0.191243315516886,0,0,0.0560251280175445,0,0,H6 50AID50
2,31041,-0.912488642060824,0,-0.119477873554164,-0.145389787556133,0,-0.666563561099377,1.07039906773591,0.031102757036012,0,0,-0.130348043361179,0,0,H6 50AID50
3,31041,-0.333874082884107,0,-0.00900141155509831,-0.00665975002556076,0,-0.0718444488210353,0.191650088410694,0.0694484194401898,0,0,-0.34163921691664,0,0,H6 50AID50
4,31041,-0.676151220121183,0,-0.0330815372682997,-0.367506715247869,0,-0.65997836298307,0.78496809726276,0.0402429742331324,0,0,0.19297697041529,0,0,H6 50AID50
5,31041,-0.0576605776850531,0,-0.0869802344772487,-0.0968476929314084,0,-0.493116411550958,0.858653220267626,-0.258107351704978,0,0,0.243477580970592,0,0,H6 50AID50
6,31041,-1.20418322859417,0,-0.128680521482145,0.263804892317087,0,-0.68072736143834,0.615983739823766,0.0355525711691844,0,0,-0.660756813418387,0,0,H6 50AID50
7,31041,-0.412791629911864,0,-0.0486934737840231,-0.224397729961159,0,-0.484212736685783,0.962051633643434,-0.120920320798184,0,0,0.309000540993596,0,0,H6 50AID50
8,31041,-0.384086287947248,0,-0.0201618932962345,-0.239964294061829,0,-0.804489366316962,0.179311173721194,0.183231543608321,0,0,-0.279306350582399,0,0,H6 50AID50
9,31041,0.234771254278886,0,-0.0285433444655814,-0.134434961870824,0,0.228077881201145,0.183187794048463,0.0575377273669947,0,0,-0.0310258675748734,0,0,H6 50AID50
10,31041,-0.233875771863022,0,-0.0258697243309619,-0.12159870908677,0,-0.086561134869675,0.191826037331123,-0.109179280497522,0,0,-0.0266942112943392,0,0,H6 50AID50
1,AV979,0.492532595413331,0,0.115872654379479,-0.0777214214286541,0,-0.0379630470892843,1.27564966570763,-0.167424886761983,0,0,-0.385710398147991,0,0,Non H6 50AID50
2,AV979,-0.222240811130575,0,0.18401595324518,-0.387544404161062,0,-0.170136884304336,0.795230084234362,-0.196153063581696,0,0,-0.494576779797317,0,0,Non H6 50AID50
3,AV979,-0.992068497180844,0,0.191495185160861,-0.280830299589928,0,-0.227312391249654,0.933646901893843,-0.22214676026789,0,0,-0.511136045811717,0,0,Non H6 50AID50
4,AV979,-0.484919255502929,0,0.113331384047262,0.051239744167592,0,0.0437229864034506,1.15915738251412,-0.0608430694125789,0,0,-0.712603803907076,0,0,Non H6 50AID50
5,AV979,0.570677431299088,0,0.212824608054227,0.162073259500809,0,0.299871339100399,0.879050766193369,-0.303362841738822,0,0,-0.577110582087295,0,0,Non H6 50AID50
6,AV979,-0.10638584605547,0,0.1666001233566,-0.518115922634808,0,-0.172921065148252,0.687676485117296,-0.0354277287929191,0,0,-0.319912014302462,0,0,Non H6 50AID50
7,AV979,0.398438016692742,0,0.240169690115788,-0.0976368525447315,0,0.342225172153403,1.13046221493144,0.0340438033625178,0,0,-0.621246319668029,0,0,Non H6 50AID50
8,AV979,1.42011748910247,0,0.252588528141631,-0.403350260404004,0,0.995134071413271,0.235804927228705,-0.120331496919677,0,0,-0.0291371946353905,0,0,Non H6 50AID50
9,AV979,-0.551971649588982,0,-0.00164135924577834,0.0214199896208313,0,-0.578994772730488,1.47732274005734,-0.141139436582862,0,0,-0.783560819807381,0,0,Non H6 50AID50
10,AV979,-0.201427138537806,0,0.128394232901734,-0.444408728813919,0,0.210226061686625,0.685615597285723,0.151364604533175,0,0,-0.660273018586697,0,0,Non H6 50AID50
1,BA209,-2.17916180060823,0,-0.0291011967844925,0.174862166853914,0,0.874388177090283,-0.941409046293947,-0.373408455001903,0,0,-0.464260147360745,0,0,H6 50AID50
2,BA209,-1.93972442156646,0,0.0149274131572542,0.229314834048362,0,-0.366744211586911,0.45618849118457,-0.272557063210454,0,0,-0.362628339425032,0,0,H6 50AID50
3,BA209,-2.69931739146208,0,-0.0349997890730978,0.105725694131684,0,-0.261353251352215,0.230488460160921,-0.250747043403698,0,0,-0.485113248725477,0,0,H6 50AID50
4,BA209,-2.50708381876154,0,-0.0925807439923338,0.136918029645362,0,-0.280325712826806,0.685708795877356,-0.158611864401553,0,0,-0.406430013701688,0,0,H6 50AID50
5,BA209,-2.09686737908952,0,0.00202383040256999,0.420257615570867,0,0.699467096426393,-0.324107223433018,-0.187572838212424,0,0,-0.712166962627288,0,0,H6 50AID50
6,BA209,-1.70558946274661,0,0.0246972116375644,0.301228130911804,0,0.413638058272627,-0.353030663567485,-0.406414267789567,0,0,-0.417751773610252,0,0,H6 50AID50
7,BA209,-2.62261004553685,0,-0.0838646607758751,0.301569723382397,0,-0.207837846051521,0.207584603092627,-0.387387282444863,0,0,-0.658497540777982,0,0,H6 50AID50
8,BA209,-2.81216366987022,0,-0.0873347141755889,-0.100047215939625,0,-0.0216259276987348,-0.220824719427165,-0.153164943861297,0,0,-0.306729682889981,0,0,H6 50AID50
9,BA209,-1.82925630152124,0,-0.116175332402889,0.362532991017947,0,0.451265229577933,-0.65170579094737,-0.290647204177567,0,0,-0.532196080694187,0,0,H6 50AID50
10,BA209,-1.98675645950687,0,-0.0789504757629373,0.538329138257671,0,0.771808570755833,-0.595601564260084,-0.0576008094937363,0,0,-0.767992825397357,0,0,H6 50AID50
1,BB598,0.495479326103594,0,0.117723756841311,-0.482998842747531,0,0.412173876898329,0.159721621706913,-0.204056426110046,0,0,0.883092424873543,0,0,Non H6 50AID50
2,BB598,1.19191445058129,0,0.0380082369067862,-0.396427958796788,0,0.287576948502943,0.993052180784443,-0.0214212831188539,0,0,1.30008202594924,0,0,Non H6 50AID50
3,BB598,0.462013958664139,0,0.00224355029977428,-0.338896849809711,0,0.340622548264512,0.276900855739082,-0.342065108925173,0,0,0.836422735057934,0,0,Non H6 50AID50
4,BB598,0.700490046246904,0,0.0994361897815576,-0.377257143780167,0,0.512959860836556,0.0395631923847163,-0.280086069434778,0,0,0.910659530221812,0,0,Non H6 50AID50
5,BB598,0.744500483435723,0,0.014537794975916,-0.409633654151974,0,0.541486415375585,0.763451913398718,0.0191914752301753,0,0,0.809664989996924,0,0,Non H6 50AID50
6,BB598,0.292456393625616,0,0.0821290019390946,-0.525225080567974,0,0.412136840138269,0.355206977584206,0.0141016359615631,0,0,0.579741683726024,0,0,Non H6 50AID50
7,BB598,0.586041257485101,0,-0.00850593186179584,-0.401153477471147,0,0.411028156563531,-0.244795350233584,-0.14234669924218,0,0,0.770360083869933,0,0,Non H6 50AID50
8,BB598,0.491277944021934,0,0.0600792844381266,-0.312427711272347,0,0.341277137552686,0.0192983923221233,-0.382463109471956,0,0,0.73009973538284,0,0,Non H6 50AID50
9,BB598,0.770814086493205,0,0.113443188880207,-0.465185000802717,0,0.657376938225585,-0.30455248711966,-0.177911485238229,0,0,0.930176401850224,0,0,Non H6 50AID50
10,BB598,-0.0938048445414481,0,0.036523317042623,-0.363632501813463,0,1.04709457656004,0.339189981453449,-0.291148977745555,0,0,0.381611612163804,0,0,Non H6 50AID50
1,BC094,-0.362680122427886,0,0.214804358429073,0.046666957806915,0,-0.0439095840357412,0.331704821808931,0.120295449580678,0,0,0.313846010839882,0,0,Non H6 5AID50
2,BC094,0.156057719189466,0,0.211876634214922,0.00125636535954942,0,-0.11872673219732,-0.289345844698543,0.180414597660919,0,0,0.356767828071517,0,0,Non H6 5AID50
3,BC094,0.532948798337691,0,0.254789680629375,0.153420825652942,0,0.798770250881019,-0.181467526480995,0.364423464265731,0,0,0.100729136338131,0,0,Non H6 5AID50
4,BC094,-0.288782131792191,0,0.184441552407347,0.0424380624629607,0,0.988949270862445,0.0591070293799634,0.295149341876162,0,0,0.243280237557618,0,0,Non H6 5AID50
5,BC094,0.954830901717855,0,0.243591702125066,-0.0204170435468079,0,0.472834946933451,-0.689221510281095,0.212951176165764,0,0,0.34047821859424,0,0,Non H6 5AID50
6,BC094,0.659363006727947,0,0.240019882967328,0.256384735498555,0,0.711437556974643,-0.898443138783347,0.237558673602537,0,0,-0.171326192471137,0,0,Non H6 5AID50
7,BC094,-0.271793545494106,0,0.11444559396158,0.0119208917306536,0,0.420750032341811,-0.29256502754723,0.21035973110811,0,0,0.375276154293414,0,0,Non H6 5AID50
8,BC094,0.543322291889927,0,0.200355525857937,-0.0428395486830479,0,0.634350728963215,-0.735343319510249,-0.0215188927073676,0,0,0.4974756479697,0,0,Non H6 5AID50
9,BC094,-0.284533929917074,0,0.238708578855999,-0.0621170438373397,0,0.271215566280428,-0.47774462940793,0.289603929482626,0,0,0.187149106791838,0,0,Non H6 5AID50
10,BC094,0.777622191423604,0,0.189595670567511,0.0295770387554171,0,0.614718395552001,-0.500988507674922,0.307921172756542,0,0,0.271556840436114,0,0,Non H6 5AID50
1,BC179,-0.268356335733523,0,0.046161338190923,0.546137874669225,0,-1.30869049245622,0.902867651597098,-0.25505668761515,0,0,-0.267626669772917,0,0,Non H6 5AID50
2,BC179,-0.705206449544145,0,0.0556771069933582,0.293054656899809,0,0.112807849064873,0.19574676467118,-0.0263468104191219,0,0,-0.210201886317571,0,0,Non H6 5AID50
3,BC179,0.0788261790624225,0,0.106807554188995,0.231758594413608,0,-1.56583128200936,1.19469293886977,-0.0488035914770336,0,0,0.113631079494559,0,0,Non H6 5AID50
4,BC179,-1.03502768201382,0,0.064013180772818,0.440330553343433,0,-0.802651988567479,0.563297248542251,-0.0687134904570178,0,0,-0.388476168839797,0,0,Non H6 5AID50
5,BC179,-0.338059743791195,0,0.192218832903943,0.296445458027808,0,-0.929875465585815,0.881286720547303,0.153918439156326,0,0,-0.217894132060055,0,0,Non H6 5AID50
6,BC179,-0.340431627498591,0,0.0487553809656965,0.164331392071028,0,-0.796180330189532,0.933632187660114,-0.109503229467062,0,0,0.226830749108464,0,0,Non H6 5AID50
7,BC179,-1.13661703575856,0,0.0920785842994854,0.470196798313824,0,-0.512300721687709,-0.287547270009426,-0.382368201270037,0,0,-0.498587161122754,0,0,Non H6 5AID50
8,BC179,-0.0558688214421448,0,0.0349598388941587,0.414300372268947,0,-1.58721130184278,-0.0736048155230306,-0.29167036095669,0,0,-0.142625738846374,0,0,Non H6 5AID50
9,BC179,-0.378299697445275,0,0.101200615237602,0.409405361137247,0,-0.931720697708123,0.337126395242577,-0.00724309570321901,0,0,-0.306903918828212,0,0,Non H6 5AID50
10,BC179,-1.04260069161799,0,0.0503427642483237,0.246351580752936,0,-0.493528138771709,0.396552228242108,-0.0919231722749708,0,0,-0.158252672878665,0,0,Non H6 5AID50
1,BC657,-1.96583947151169,0,0.0942426282064494,-0.0469817384454035,0,-1.13484389297407,0.839871588972617,-0.144280081957921,0,0,-0.303478141502331,0,0,H6 50AID50
2,BC657,-1.60230246542424,0,-0.019494356810342,0.223832546831219,0,-0.713856247916123,0.620536021488147,0.0301895927777822,0,0,-0.650459063553908,0,0,H6 50AID50
3,BC657,-1.69583445715876,0,-0.0594138720134829,0.124099266557339,0,-0.310046680231055,-0.336327360725377,-0.278373630133181,0,0,-0.561618250779505,0,0,H6 50AID50
4,BC657,-1.8452705226847,0,0.0237007503147372,-0.352284000596758,0,0.138505168175402,-0.543233573817525,0.346014647555689,0,0,-0.660865240065501,0,0,H6 50AID50
5,BC657,-1.38264743918301,0,0.0707376340444941,0.108912817781584,0,-0.701543845298396,0.848729266398609,0.131095972286651,0,0,-0.508348159710475,0,0,H6 50AID50
6,BC657,-1.54527928921541,0,0.0424967202625761,0.0154933285235658,0,0.23515863421354,0.129585581982841,-0.186346523819901,0,0,-0.318057423661332,0,0,H6 50AID50
7,BC657,-2.05329141259483,0,0.0802541572271748,-0.0728153088360869,0,0.0756543026153221,0.463664448583114,-0.0909187530806164,0,0,-0.424551833551858,0,0,H6 50AID50
8,BC657,-2.08375264629121,0,-0.0231360446255365,-0.0554567970888855,0,-1.31906418591183,0.986673232975693,-0.137158628157582,0,0,-0.298727780153973,0,0,H6 50AID50
9,BC657,-1.57541787253675,0,0.05070229657813,0.232703195912459,0,-0.392797565665904,0.924231685581334,0.0966097780713867,0,0,-0.654208767171933,0,0,H6 50AID50
10,BC657,-2.26544966965852,0,-0.0238671633789517,0.0397837324505865,0,-0.940147696320891,0.396358505371854,0.0617215302667135,0,0,-0.763233813240854,0,0,H6 50AID50
1,BD885,-0.261964967851609,0,-0.0207112513061571,-0.562909408627799,0,0.0900355635198209,0.409677669445796,0.0725425191441636,0,0,0.152818146148082,0,0,Non H6 50AID50
2,BD885,-1.06738052934633,0,-0.000279157766404477,-0.199786854700839,0,0.404528990896669,0.128608910227325,0.200071948730149,0,0,-0.837980812947867,0,0,Non H6 50AID50
3,BD885,-0.656121605702868,0,0.0689642281014839,-0.268051844501086,0,0.0218810687864741,0.159572150288036,0.139426335780805,0,0,-0.757695429981957,0,0,Non H6 50AID50
4,BD885,-0.375319456270399,0,-0.0788048536982912,-0.064980770360029,0,0.119788266244777,0.175116117379263,-0.106513886663034,0,0,-0.592642444132078,0,0,Non H6 50AID50
5,BD885,0.423156572903653,0,-0.0413284760565607,-0.293891343689173,0,0.878350275057478,-0.098494871350358,0.0468779577200205,0,0,-0.343189382648309,0,0,Non H6 50AID50
6,BD885,-1.18056935201534,0,-0.045057761084869,-0.383679619216349,0,1.08834665258377,0.0686124303164565,-0.373501832901578,0,0,-0.260066271931204,0,0,Non H6 50AID50
7,BD885,-0.641194257968769,0,-0.0620736344356083,-0.155749742837906,0,0.162183391712601,0.169154330442645,-0.155978942456313,0,0,-0.301901578919336,0,0,Non H6 50AID50
8,BD885,0.289633590954173,0,0.0578435228597859,-0.336159171332846,0,1.69843878243398,-0.00340284599056627,-0.249642301830569,0,0,0.119208253107809,0,0,Non H6 50AID50
9,BD885,-0.452624315874092,0,-0.0135637115651148,-0.454335446766349,0,0.727683785166458,0.169369885496394,-0.102062023186351,0,0,-0.0523287991948866,0,0,Non H6 50AID50
10,BD885,-0.87546182865631,0,-0.0514615598625459,-0.561980102296672,0,0.282348796889379,0.454016183893231,-0.182768325435069,0,0,0.0332437295665223,0,0,Non H6 50AID50
1,BG927,1.34956617324718,0,0.0254963519790152,-0.189352144314238,0,0.393072848876771,-0.601179862207725,0.00975426935991536,0,0,0.520282650489493,0,0,Non H6 50AID50
2,BG927,1.58515141461683,0,-0.103004884771694,-0.0795806754825153,0,0.933967196904397,-0.264286401146586,0.2573796267994,0,0,0.160782357868916,0,0,Non H6 50AID50
3,BG927,2.17191527881628,0,0.0306878441134404,-0.159132256787094,0,-0.0116005813312012,-0.104218715734186,0.0546215678873351,0,0,0.587860643045201,0,0,Non H6 50AID50
4,BG927,1.39994730171467,0,0.0430960418446952,-0.0922804880184438,0,0.0530590296325295,0.120294587656448,0.225407756019472,0,0,0.19964208021322,0,0,Non H6 50AID50
5,BG927,1.38755939883985,0,0.032345228847284,-0.0750370208939261,0,-0.954781334378059,0.313335209516795,-0.113696874664196,0,0,0.602954004991544,0,0,Non H6 50AID50
6,BG927,2.05463430215149,0,0.0829792122174813,-0.11654557808613,0,0.371107041663632,-0.00741633740078226,-0.00124465814365711,0,0,0.534695333800181,0,0,Non H6 50AID50
7,BG927,1.15407790386439,0,0.00645020133634782,-0.0661576227652531,0,-0.233793963304979,0.462381766652416,-0.0721311319959596,0,0,0.467476313403172,0,0,Non H6 50AID50
8,BG927,1.19291999254476,0,0.0537365155730807,-0.087820918555649,0,0.0209708010813843,0.0280359760498101,-0.027989285037393,0,0,0.463619835971794,0,0,Non H6 50AID50
9,BG927,0.452686365950687,0,-0.0426914572858274,-0.0538411491214287,0,-0.217058167351914,0.711365700775386,0.121645285786342,0,0,0.224706323861929,0,0,Non H6 50AID50
10,BG927,0.774709723176575,0,-0.0200583470312116,-0.0564588118816374,0,0.111188474330993,-0.352798525130578,0.00633891206847788,0,0,0.275759578967525,0,0,Non H6 50AID50
1,BL669,0.454053829237719,0,-0.0670745032191773,0.0941497529984307,0,0.65736290666125,0.172880548736842,-0.127828226812111,0,0,-0.1927087253913,0,0,Non H6 50AID50
2,BL669,0.269150866606268,0,-0.17364642294004,0.112111962275395,0,-0.239840111578378,0.231858084783031,0.0989237829497912,0,0,-0.36698113093242,0,0,Non H6 50AID50
3,BL669,1.73684099477074,0,-0.119499307743352,-0.145439857782058,0,0.0385577753110189,0.742552744837552,-0.0369081918743967,0,0,0.607851170284034,0,0,Non H6 50AID50
4,BL669,0.695626703758972,0,-0.0719903930610142,-0.108018781157248,0,-0.146752585782229,0.696248111604562,0.200938989750466,0,0,-0.0289844034115249,0,0,Non H6 50AID50
5,BL669,0.264847677050799,0,-0.15150954915769,0.110100571255457,0,-0.151492671471275,-0.194826922954196,0.133214253230353,0,0,-0.362699529463736,0,0,Non H6 50AID50
6,BL669,1.00332146559234,0,-0.110116934273666,-0.217550358320862,0,-0.156550195798179,-0.0792817542342892,0.261558389832976,0,0,-0.0901765802132941,0,0,Non H6 50AID50
7,BL669,-0.698598713176978,0,-0.171314609556367,0.195364225239437,0,-0.238293209426543,0.340927409450356,-0.146457209140949,0,0,-0.303429089297465,0,0,Non H6 50AID50
8,BL669,-0.0465276350321057,0,-0.141284032462012,0.00573759749521849,0,-1.12674835655923,0.492110731687991,0.0461628639378303,0,0,-0.155830557096399,0,0,Non H6 50AID50
9,BL669,0.351838790213726,0,-0.156341941385896,0.254716141634365,0,-0.755980072084407,0.894790205318925,0.237795318742765,0,0,-0.449932017526292,0,0,Non H6 50AID50
10,BL669,0.48473232528972,0,-0.14873070183527,-0.276422796423081,0,-0.384948009764111,0.00377930462318472,0.177570915693598,0,0,0.219832948386819,0,0,Non H6 50AID50
1,BO186,0.832892053289895,0,-0.293716150489563,0.369997176842408,0,-1.14836200795939,-0.1756496829663,0.213348730455628,0,0,-0.243570673582073,0,0,Non H6 5AID50
2,BO186,1.4263154341029,0,-0.270179793853099,-0.000673629922275834,0,-0.607719022180951,-0.0754741993795956,0.209624267327526,0,0,0.322641130057441,0,0,Non H6 5AID50
3,BO186,1.07090658806534,0,-0.242060143016364,0.091889642415759,0,-0.207593515302423,-0.284038855021703,-0.0700765251469772,0,0,0.39736722961366,0,0,Non H6 5AID50
4,BO186,1.20566231428434,0,-0.225687701928202,0.0950069399135813,0,-0.681819664882991,-0.268225673724513,0.208027481536843,0,0,0.15955703675616,0,0,Non H6 5AID50
5,BO186,1.03921702752144,0,-0.234718528189453,0.193561514803262,0,-0.111905474812916,-0.120805256797096,0.258546440920489,0,0,-0.0727399178871792,0,0,Non H6 5AID50
6,BO186,1.3212803552846,0,-0.15938530574862,0.161545287961874,0,-0.343120358035026,-0.0201878907444749,0.198447665041437,0,0,0.0378417247878265,0,0,Non H6 5AID50
7,BO186,0.294778012997299,0,-0.190086452577894,0.0406161101782735,0,0.0783792140007288,-1.67717133989944,0.121239695049976,0,0,-0.0861263940772743,0,0,Non H6 5AID50
8,BO186,0.530309932577753,0,-0.25560286384265,0.209275366701848,0,-1.07924009479956,-0.345773155464776,0.0578289017463734,0,0,0.0405899729793773,0,0,Non H6 5AID50
9,BO186,0.897097903137405,0,-0.126130285466457,0.15105979984337,0,-1.05005680214585,-0.929593290209416,0.0909282174906416,0,0,-0.0480048193630081,0,0,Non H6 5AID50
10,BO186,1.23938843775235,0,-0.207552438253682,-0.178108858025944,0,0.480899713036974,-1.1467422998159,0.294155600299096,0,0,0.14280245070523,0,0,Non H6 5AID50
1,BO413,0.802769727874372,0,-0.107991232084711,-0.249814862116394,0,0.586117665762318,0.032893317992012,0.0418259102794181,0,0,0.601256568428609,0,0,Non H6 50AID50
2,BO413,1.05931881300008,0,-0.115873349628276,-0.034547430697604,0,0.684145275817735,0.402146642552024,0.395016692633845,0,0,-0.407101589860696,0,0,Non H6 50AID50
3,BO413,1.41661610371886,0,-0.152332029406573,-0.234141974444595,0,-0.548457808338121,0.790198467163349,0.0434371395846463,0,0,0.956227144391215,0,0,Non H6 50AID50
4,BO413,0.624159652640038,0,-0.146555852631495,-0.131716729610212,0,0.596825613433792,0.300718873354579,-0.109409722197743,0,0,0.503617126910668,0,0,Non H6 50AID50
5,BO413,0.745310071405292,0,-0.282678686224018,-0.0869461209247891,0,0.414114900734007,0.0364592968284872,-0.119407059247234,0,0,0.522050885250613,0,0,Non H6 50AID50
6,BO413,0.730899139754839,0,-0.100970132032098,0.249816159874449,0,-0.237011609219494,0.729493360873035,0.366436012772417,0,0,-0.442105195316888,0,0,Non H6 50AID50
7,BO413,0.381162513826451,0,-0.100265165060857,-0.10980597642455,0,-0.0783443207919275,0.176349795093715,-0.000339455000900851,0,0,0.202316883099921,0,0,Non H6 50AID50
8,BO413,0.120043480105184,0,-0.211509890646623,-0.0696504632785847,0,0.0957108453818939,-0.0129643640395699,-0.275639610773199,0,0,0.429434604382655,0,0,Non H6 50AID50
9,BO413,1.01695799043084,0,-0.124758147849572,-0.235358452606605,0,0.735994830087527,-0.481253469502785,0.089507187600634,0,0,0.426688551529959,0,0,Non H6 50AID50
10,BO413,0.934167527414123,0,-0.0805875208273335,-0.400162023533339,0,0.706619545839341,0.175292252480426,0.324314400714345,0,0,0.280784976206562,0,0,Non H6 50AID50
