rep,id,lambda,beta_prime_exp,fD,lambdaEstr_exp,dI,dD,r,alphaE,thetaE,dE,omega_exp,T0_exp,V0_exp,group
1,29915,144.927660222988,-2.84155046514317,0.921853141511474,0.162960124975139,0.1,0.213613333518268,270.533643808999,0.658532559153369,0.1,1,-2.61495313282724,4.21019603948821,-2.76,H6 50AID50
2,29915,91.6713479033485,-2.84155046514317,0.929213675948217,0.457603798914364,0.1,0.112432755633316,246.790554782888,0.675122372283324,0.1,1,-3.18997594644431,4.21019603948821,-2.76,H6 50AID50
3,29915,119.976108889371,-2.84155046514317,0.929525318082384,0.117105899586498,0.1,0.123389094028773,263.092280121313,0.606327364711073,0.1,1,-2.550751668662,4.21019603948821,-2.76,H6 50AID50
4,29915,85.9172762125195,-2.84155046514317,0.93264340946123,0.241634130186076,0.1,0.0499091829446031,554.255703383134,0.543486179756632,0.1,1,-2.73549049018436,4.21019603948821,-2.76,H6 50AID50
5,29915,334.640149189441,-2.84155046514317,0.926774601829384,0.0822271767908106,0.1,0.116187297161551,380.737933745572,0.58124729481607,0.1,1,-2.22998120476472,4.21019603948821,-2.76,H6 50AID50
6,29915,121.381258657622,-2.84155046514317,0.924044864392161,0.221526418467578,0.1,0.0417347977789425,241.337621377242,0.685758876382956,0.1,1,-2.71535205350918,4.21019603948821,-2.76,H6 50AID50
7,29915,58.8254423454056,-2.84155046514317,0.929364796430754,0.361056541646356,0.1,0.0370133006270635,458.526011997377,0.613728937161148,0.1,1,-2.95025661692892,4.21019603948821,-2.76,H6 50AID50
8,29915,97.6279786412732,-2.84155046514317,0.923309777382199,0.125179427156394,0.1,0.155250333486958,304.482614839698,0.608981915052311,0.1,1,-2.66683901659905,4.21019603948821,-2.76,H6 50AID50
9,29915,82.3050383864389,-2.84155046514317,0.92672566877584,0.226189724849975,0.1,0.116807593309842,231.085687114523,0.55494331415082,0.1,1,-2.82059868851667,4.21019603948821,-2.76,H6 50AID50
10,29915,81.7758274925826,-2.84155046514317,0.928002085190721,0.221993307816905,0.1,0.0992566699530079,265.876648199993,0.484784863470009,0.1,1,-2.7522506719323,4.21019603948821,-2.76,H6 50AID50
1,29925,69.8809091921401,-2.84155046514317,0.946466310759641,0.636152280805044,0.1,0.139618385886155,330.926567041436,0.833615698720406,0.1,1,-3.22488074563942,4.21019603948821,-2.76,H6 50AID50
2,29925,81.6242904824159,-2.84155046514317,0.950664596806413,0.487502078302045,0.1,0.347754606364661,260.240775758917,0.918174530396143,0.1,1,-3.03417376757477,4.21019603948821,-2.76,H6 50AID50
3,29925,61.1815167834263,-2.84155046514317,0.947291031608016,0.221544769742411,0.1,0.143016392097322,620.838092936983,0.959080665420452,0.1,1,-2.7164429849191,4.21019603948821,-2.76,H6 50AID50
4,29925,99.3475252527672,-2.84155046514317,0.947655479952605,-0.00856056025613887,0.1,0.254005179711366,52.9461746308617,0.658027429249096,0.1,1,-2.40168866789371,4.21019603948821,-2.76,H6 50AID50
5,29925,81.497342933941,-2.84155046514317,0.952851759175876,0.54514523047958,0.1,0.426124616914099,237.749122014583,0.949500533818378,0.1,1,-3.16971599173222,4.21019603948821,-2.76,H6 50AID50
6,29925,52.1992197599152,-2.84155046514317,0.951413043661524,0.461210504744514,0.1,0.364967866725812,252.668796511309,0.950125164205923,0.1,1,-3.18403643374482,4.21019603948821,-2.76,H6 50AID50
7,29925,77.1970547118179,-2.84155046514317,0.94753172630934,0.400374897632685,0.1,0.250551306670504,211.604158871431,0.929215388565282,0.1,1,-2.98142129642549,4.21019603948821,-2.76,H6 50AID50
8,29925,99.3262821400462,-2.84155046514317,0.949698805733854,-0.00255198831966563,0.1,0.229837041551777,91.6759453241933,0.644833113501864,0.1,1,-2.48949645481448,4.21019603948821,-2.76,H6 50AID50
9,29925,52.8127313062784,-2.84155046514317,0.951444338523241,0.074663172138264,0.1,0.323474199010889,251.251825628809,0.861586948421611,0.1,1,-2.80359490488682,4.21019603948821,-2.76,H6 50AID50
10,29925,108.674782848393,-2.84155046514317,0.946889027517738,0.137916002846889,0.1,0.249908328620232,92.2749152184164,0.671374984215016,0.1,1,-2.57504731272591,4.21019603948821,-2.76,H6 50AID50
1,BD536,208.546298737051,-2.84155046514317,0.919259724224385,0.566934073427154,0.1,0.0377003083621095,228.004316087758,0.582602031169484,0.1,1,-2.71593445235058,4.21019603948821,-2.76,Non H6 5AID50
2,BD536,476.476271988414,-2.84155046514317,0.918348514050657,0.425976492818802,0.1,0.026554343380733,193.921653815904,0.614038687054956,0.1,1,-2.43580103114959,4.21019603948821,-2.76,Non H6 5AID50
3,BD536,443.713324510249,-2.84155046514317,0.913143844687477,0.438261701682299,0.1,0.0236359006956813,205.787421477786,0.597683171381148,0.1,1,-2.37832888142553,4.21019603948821,-2.76,Non H6 5AID50
4,BD536,772.517301665191,-2.84155046514317,0.9237924210362,0.207278432881499,0.1,0.0723623098336965,98.7569789679145,0.460544180784679,0.1,1,-2.01957645755932,4.21019603948821,-2.76,Non H6 5AID50
5,BD536,445.479143538547,-2.84155046514317,0.914396880146401,0.572306586632382,0.1,0.0470073907494301,344.218409337649,0.716102896285638,0.1,1,-2.73245273629359,4.21019603948821,-2.76,Non H6 5AID50
6,BD536,433.848968249693,-2.84155046514317,0.918757574291315,0.319657088633874,0.1,0.021295658594989,141.126329783611,0.517380854836358,0.1,1,-2.25975435017226,4.21019603948821,-2.76,Non H6 5AID50
7,BD536,192.303512890764,-2.84155046514317,0.915615939665855,0.593318980183088,0.1,0.0210605755580907,234.409139669882,0.454395624714265,0.1,1,-2.69526983627014,4.21019603948821,-2.76,Non H6 5AID50
8,BD536,830.710944067733,-2.84155046514317,0.916965348272261,0.270622840874743,0.1,0.038521807540491,102.464868975547,0.690804709543298,0.1,1,-2.21426170083333,4.21019603948821,-2.76,Non H6 5AID50
9,BD536,362.44889371511,-2.84155046514317,0.920878131918938,0.275274952541639,0.1,0.0358059443217174,182.269368638437,0.47641595123842,0.1,1,-2.17326188183763,4.21019603948821,-2.76,Non H6 5AID50
10,BD536,503.502501651906,-2.84155046514317,0.919963215251515,0.2930632508041,0.1,0.0787256675049881,100.718819337941,0.603200142518406,0.1,1,-2.33668493124013,4.21019603948821,-2.76,Non H6 5AID50
1,BA081,4975.24895826157,-2.84155046514317,0.906467324962514,0.29929668932818,0.1,0.0381799733576636,499.052542007915,0.569451734631627,0.1,1,-1.87222513902973,4.21019603948821,-2.76,H6 50AID50
2,BA081,12441.6045057633,-2.84155046514317,0.914180564026136,0.154819661042715,0.1,0.0428100016888363,201.232050986464,0.657084036652718,0.1,1,-1.76939912696104,4.21019603948821,-2.76,H6 50AID50
3,BA081,12299.8933755791,-2.84155046514317,0.9038822611011,0.285447286960105,0.1,0.0283854261741226,440.94564756652,0.593311319199259,0.1,1,-1.74479848705282,4.21019603948821,-2.76,H6 50AID50
4,BA081,6214.45186595007,-2.84155046514317,0.902042162704773,0.251710156695007,0.1,0.0682573971591865,211.324927547075,0.679872765324608,0.1,1,-1.90542246156396,4.21019603948821,-2.76,H6 50AID50
5,BA081,7486.86208585693,-2.84155046514317,0.913530825567115,0.287104991291766,0.1,0.0437503851654549,291.042309649831,0.785462342143833,0.1,1,-2.20902825641201,4.21019603948821,-2.76,H6 50AID50
6,BA081,7115.67776114729,-2.84155046514317,0.901048124114033,0.302165295327742,0.1,0.0360295121578482,328.664409406509,0.564441127301623,0.1,1,-1.81498521197565,4.21019603948821,-2.76,H6 50AID50
7,BA081,7373.2882414998,-2.84155046514317,0.90747656050327,0.285478229986478,0.1,0.022051110426583,321.223286046091,0.567303062727952,0.1,1,-1.83739645168467,4.21019603948821,-2.76,H6 50AID50
8,BA081,2466.18943052036,-2.84155046514317,0.912585485594148,0.263686138168672,0.1,0.032840825566144,482.357498522824,0.516255301469678,0.1,1,-1.91009030174603,4.21019603948821,-2.76,H6 50AID50
9,BA081,4897.27349023324,-2.84155046514317,0.910628484639269,0.254629001841583,0.1,0.0766673861274197,245.915695978223,0.734868568308607,0.1,1,-2.15759460588444,4.21019603948821,-2.76,H6 50AID50
10,BA081,6471.45382290633,-2.84155046514317,0.912790676683145,0.214458040833214,0.1,0.0262765362253802,578.590413334526,0.754784665550529,0.1,1,-1.94276528971226,4.21019603948821,-2.76,H6 50AID50
1,31041,158.206250205941,-2.84155046514317,0.920331400019864,-0.12688085317306,0.1,0.025094409528598,526.27966507484,0.518940351815007,0.1,1,-2.44563824514514,4.21019603948821,-2.76,H6 50AID50
2,31041,141.619113171313,-2.84155046514317,0.916001947670817,0.00711840459859751,0.1,0.0352238634425859,1247.25868818859,0.648158341097568,0.1,1,-2.63201141652386,4.21019603948821,-2.76,H6 50AID50
3,31041,252.586991797275,-2.84155046514317,0.924120880215744,0.14584844212917,0.1,0.0638440189026322,517.989200334716,0.673495074444592,0.1,1,-2.84330259007932,4.21019603948821,-2.76,H6 50AID50
4,31041,179.374997775712,-2.84155046514317,0.922415006727605,-0.214998523093138,0.1,0.0354565849794967,937.5521679592,0.654109806522807,0.1,1,-2.30868640274739,4.21019603948821,-2.76,H6 50AID50
5,31041,332.942304946253,-2.84155046514317,0.918468826316686,0.0556604992233221,0.1,0.041895186563057,1009.24471698505,0.485376515952563,0.1,1,-2.25818579219209,4.21019603948821,-2.76,H6 50AID50
6,31041,105.789002261343,-2.84155046514317,0.915291157927332,0.416313084471817,0.1,0.0347284762380873,791.783538655856,0.651048951814819,0.1,1,-3.16242018658107,4.21019603948821,-2.76,H6 50AID50
7,31041,233.419710171621,-2.84155046514317,0.921290335672171,-0.0718895378064291,0.1,0.0422698732515718,1119.18490785644,0.556747570391041,0.1,1,-2.19266283216909,4.21019603948821,-2.76,H6 50AID50
8,31041,240.217198128999,-2.84155046514317,0.923334577009304,-0.0874561019070991,0.1,0.030685738000265,511.637045720775,0.754657351093008,0.1,1,-2.78096972374508,4.21019603948821,-2.76,H6 50AID50
9,31041,446.036616539207,-2.84155046514317,0.9227391630821,0.0180732302839069,0.1,0.0861737178560788,513.624317753226,0.665520865445293,0.1,1,-2.53268924073755,4.21019603948821,-2.76,H6 50AID50
10,31041,279.151326137459,-2.84155046514317,0.922929554437191,0.0309094830679601,0.1,0.0629113264250946,518.080347993746,0.563322891069905,0.1,1,-2.52835758445702,4.21019603948821,-2.76,H6 50AID50
1,AV979,577.184740620126,-2.84155046514317,0.932426561317961,0.0747867707260771,0.1,0.0660442059953708,1531.42502616777,0.531449073295953,0.1,1,-2.88737377131066,4.21019603948821,-2.76,Non H6 50AID50
2,AV979,282.41820902885,-2.84155046514317,0.936595621764519,-0.235036212006332,0.1,0.0578671848565461,947.222851439089,0.516398729894199,0.1,1,-2.99624015296,4.21019603948821,-2.76,Non H6 50AID50
3,AV979,130.785855795249,-2.84155046514317,0.937038322780518,-0.128322107435198,0.1,0.0546514070831611,1087.84201138808,0.503148574258668,0.1,1,-3.01279941897439,4.21019603948821,-2.76,Non H6 50AID50
4,AV979,217.176532953814,-2.84155046514317,0.932266266750884,0.203747936322322,0.1,0.0716655629841686,1363.0248827113,0.591220588287095,0.1,1,-3.21426717706976,4.21019603948821,-2.76,Non H6 50AID50
5,AV979,624.09788654756,-2.84155046514317,0.93828503665044,0.31458145165554,0.1,0.0925879211331279,1030.04222038656,0.463900189974468,0.1,1,-3.07877395524997,4.21019603948821,-2.76,Non H6 50AID50
6,AV979,317.10848781358,-2.84155046514317,0.935553497910412,-0.365607730480078,0.1,0.0577062962244304,850.63301000617,0.606439235283358,0.1,1,-2.82157538746514,4.21019603948821,-2.76,Non H6 50AID50
7,AV979,525.351630580088,-2.84155046514317,0.93984963802252,0.0548713396099989,0.1,0.0965936037125108,1324.46849194507,0.650067410760727,0.1,1,-3.1229096928307,4.21019603948821,-2.76,Non H6 50AID50
8,AV979,1459.35127437471,-2.84155046514317,0.940547880380921,-0.250842068249273,0.1,0.185568006019057,541.373393499517,0.5570754931897,0.1,1,-2.53080056779807,4.21019603948821,-2.76,Non H6 50AID50
9,AV979,203.091810372812,-2.84155046514317,0.924635369641005,0.173928181775563,0.1,0.0384474579251623,1873.61883365427,0.545603666389929,0.1,1,-3.28522419297005,4.21019603948821,-2.76,Non H6 50AID50
10,AV979,288.357968845644,-2.84155046514317,0.933211252692971,-0.291900536659189,0.1,0.0846490100937974,848.881755975611,0.730987871199369,0.1,1,-3.16193639174937,4.21019603948821,-2.76,Non H6 50AID50
1,BA209,39.9036577899113,-2.84155046514317,0.922699383517698,0.327370359008644,0.1,0.164461340397904,166.816642239022,0.432517941180803,0.1,1,-2.96592352052342,4.21019603948821,-2.76,H6 50AID50
2,BA209,50.698958737706,-2.84155046514317,0.925781868643127,0.381823026203092,0.1,0.0475386536481215,674.851587307147,0.478413394031496,0.1,1,-2.86429171258771,4.21019603948821,-2.76,H6 50AID50
3,BA209,23.7198536158698,-2.84155046514317,0.922277614672537,0.258233886286415,0.1,0.0528223344048313,538.50283705232,0.488962216495238,0.1,1,-2.98677662188816,4.21019603948821,-2.76,H6 50AID50
4,BA209,28.7473611077275,-2.84155046514317,0.918048454549646,0.289426221800092,0.1,0.0518296116749338,848.960874246526,0.536153445281331,0.1,1,-2.90809338686437,4.21019603948821,-2.76,H6 50AID50
5,BA209,43.3264115317231,-2.84155046514317,0.924890380482571,0.572765807725598,0.1,0.138069122735684,309.26455678684,0.520848610566531,0.1,1,-3.21383033578997,4.21019603948821,-2.76,H6 50AID50
6,BA209,64.0741067519086,-2.84155046514317,0.926450363422144,0.453736323066534,0.1,0.103743905061422,300.447683692466,0.418475353291046,0.1,1,-2.91941514677293,4.21019603948821,-2.76,H6 50AID50
7,BA209,25.6109437071283,-2.84155046514317,0.918701828473806,0.454077915537128,0.1,0.0557261494733392,526.309218535579,0.426513909942507,0.1,1,-3.16016091394066,4.21019603948821,-2.76,H6 50AID50
8,BA209,21.1886598190514,-2.84155046514317,0.918442277577248,0.0524609762151055,0.1,0.0671320399148158,342.913965216311,0.539081798508742,0.1,1,-2.80839305605266,4.21019603948821,-2.76,H6 50AID50
9,BA209,56.6206348853106,-2.84155046514317,0.916255704188037,0.515041183172678,0.1,0.107721865118052,222.872200200791,0.469836639538078,0.1,1,-3.03385945385687,4.21019603948821,-2.76,H6 50AID50
10,BA209,48.3696879125959,-2.84155046514317,0.919068108564318,0.690837330412401,0.1,0.148427396090974,235.733691162985,0.593140589994021,0.1,1,-3.26965619856004,4.21019603948821,-2.76,H6 50AID50
1,BB598,578.888056984048,-2.84155046514317,0.932543100909601,-0.330490650592801,0.1,0.103592116318177,501.711837788024,0.512333529061045,0.1,1,-1.61857094828914,4.21019603948821,-2.76,Non H6 50AID50
2,BB598,1161.5890818774,-2.84155046514317,0.927352245009479,-0.243919766642057,0.1,0.0914565779042559,1154.42364025485,0.61499305797272,0.1,1,-1.20158134721344,4.21019603948821,-2.76,Non H6 50AID50
3,BB598,559.835926775522,-2.84155046514317,0.924905642595665,-0.186388657654981,0.1,0.0964389244751146,564.085119153626,0.446289191839216,0.1,1,-1.66524063810475,4.21019603948821,-2.76,Non H6 50AID50
4,BB598,710.607217526127,-2.84155046514317,0.931383554816431,-0.224748951625437,0.1,0.114577014608038,444.907990221933,0.474824942298961,0.1,1,-1.59100384294087,4.21019603948821,-2.76,Non H6 50AID50
5,BB598,742.579753975835,-2.84155046514317,0.925755093614246,-0.257125461997244,0.1,0.117892567882973,917.595093092375,0.64048374233451,0.1,1,-1.69199838316575,4.21019603948821,-2.76,Non H6 50AID50
6,BB598,472.522888892225,-2.84155046514317,0.930269191034554,-0.372716888413244,0.1,0.10358827967287,610.031919251999,0.637232065308527,0.1,1,-1.92192168943666,4.21019603948821,-2.76,Non H6 50AID50
7,BB598,633.760454942469,-2.84155046514317,0.924155616684289,-0.248645285316416,0.1,0.103473496689423,334.791836338967,0.544945376900824,0.1,1,-1.73130328929275,4.21019603948821,-2.76,Non H6 50AID50
8,BB598,576.46102908,-2.84155046514317,0.928825219721048,-0.159919519117617,0.1,0.0965020730279671,435.982758210749,0.428619317652051,0.1,1,-1.77156363777984,4.21019603948821,-2.76,Non H6 50AID50
9,BB598,762.379055930752,-2.84155046514317,0.93227332642365,-0.312676808647987,0.1,0.132378373887351,315.371660441131,0.52590509977111,0.1,1,-1.57148697131245,4.21019603948821,-2.76,Non H6 50AID50
10,BB598,321.123231975187,-2.84155046514317,0.927252142365961,-0.211124309658732,0.1,0.195465116108526,600.338874316935,0.469600947068157,0.1,1,-2.12005176099888,4.21019603948821,-2.76,Non H6 50AID50
1,BC094,245.414758684486,-2.84155046514317,0.93839957710077,0.199175149961646,0.1,0.0656526370777031,595.862017896645,0.708625878659147,0.1,1,-2.1878173623228,4.21019603948821,-2.76,Non H6 5AID50
2,BC094,412.273726488407,-2.84155046514317,0.93823012024974,0.15376455751428,0.1,0.0609199447146581,320.204053628177,0.752534513489321,0.1,1,-2.14489554509116,4.21019603948821,-2.76,Non H6 5AID50
3,BC094,600.990178560695,-2.84155046514317,0.940670844179182,0.305929017807672,0.1,0.152483684524232,356.679200006574,0.904566413037594,0.1,1,-2.40093423682455,4.21019603948821,-2.76,Non H6 5AID50
4,BC094,264.23732626413,-2.84155046514317,0.936620890961351,0.194946254617692,0.1,0.1844238467588,453.68872459118,0.844024569444591,0.1,1,-2.25838313560507,4.21019603948821,-2.76,Non H6 5AID50
5,BC094,916.407097887639,-2.84155046514317,0.940042801285919,0.132091148607923,0.1,0.110070635393542,214.665884667357,0.777422094612848,0.1,1,-2.16118515456844,4.21019603948821,-2.76,Non H6 5AID50
6,BC094,681.974864070615,-2.84155046514317,0.939841168522409,0.408892927653286,0.1,0.139731805406948,174.14027734829,0.796789825203522,0.1,1,-2.67298956563382,4.21019603948821,-2.76,Non H6 5AID50
7,BC094,268.764692775693,-2.84155046514317,0.9323365906327,0.164429083885384,0.1,0.104484358947452,319.174915611142,0.775410056137635,0.1,1,-2.12638721886926,4.21019603948821,-2.76,Non H6 5AID50
8,BC094,607.256994493047,-2.84155046514317,0.937559040981877,0.109668643471683,0.1,0.129365027856631,204.989956518701,0.61493303168301,0.1,1,-2.00418772519298,4.21019603948821,-2.76,Non H6 5AID50
9,BC094,265.362247523532,-2.84155046514317,0.939766984944505,0.090391148317391,0.1,0.0899723966139145,265.220001378984,0.839357058733727,0.1,1,-2.31451426637084,4.21019603948821,-2.76,Non H6 5AID50
10,BC094,767.587120950576,-2.84155046514317,0.936926163083053,0.182085230910148,0.1,0.126850058633042,259.126354301154,0.854873441009234,0.1,1,-2.23010653272657,4.21019603948821,-2.76,Non H6 5AID50
1,BC179,269.690082869854,-2.84155046514317,0.927899609735944,0.698646066823955,0.1,0.0185338142364263,1054.86909374583,0.486859497549056,0.1,1,-2.7692900429356,4.21019603948821,-2.76,Non H6 5AID50
2,BC179,174.238202811846,-2.84155046514317,0.928533646525687,0.44556284905454,0.1,0.0767915955929105,520.115586979881,0.61197134076062,0.1,1,-2.71186525948025,4.21019603948821,-2.76,Non H6 5AID50
3,BC179,381.631686984278,-2.84155046514317,0.931853150272233,0.384266786568339,0.1,0.0143314449505118,1412.33161278487,0.598381596416279,0.1,1,-2.38803229366812,4.21019603948821,-2.76,Non H6 5AID50
4,BC179,125.286374405876,-2.84155046514317,0.929084847087891,0.592838745498163,0.1,0.0307421711210972,751.147136539479,0.586585696527061,0.1,1,-2.89013954200248,4.21019603948821,-2.76,Non H6 5AID50
5,BC179,251.531957847576,-2.84155046514317,0.937081002691552,0.448953650182539,0.1,0.0270696151622048,1032.34792453798,0.732857079141996,0.1,1,-2.71955750522273,4.21019603948821,-2.76,Non H6 5AID50
6,BC179,250.93606027411,-2.84155046514317,0.928072963670159,0.316839584225759,0.1,0.0309417691187804,1087.82600474422,0.563140432755011,0.1,1,-2.27483262405421,4.21019603948821,-2.76,Non H6 5AID50
7,BC179,113.183767458417,-2.84155046514317,0.930911848237944,0.622704990468555,0.1,0.0410991167510387,320.780482754416,0.428659999071267,0.1,1,-3.00025053428543,4.21019603948821,-2.76,Non H6 5AID50
8,BC179,333.539391156399,-2.84155046514317,0.927146606522289,0.566808564423677,0.1,0.0140282906434742,397.30310948586,0.469356168835598,0.1,1,-2.64428911200905,4.21019603948821,-2.76,Non H6 5AID50
9,BC179,241.611266246782,-2.84155046514317,0.931496230330346,0.561913553291978,0.1,0.0270197114948537,599.10130065319,0.623774651238979,0.1,1,-2.80856729199089,4.21019603948821,-2.76,Non H6 5AID50
10,BC179,124.341163053907,-2.84155046514317,0.928178855142908,0.398859772907667,0.1,0.0418779407248647,635.782505963464,0.573128007611272,0.1,1,-2.65991604604134,4.21019603948821,-2.76,Non H6 5AID50
1,BC657,49.3920916204355,-2.84155046514317,0.931050898955729,0.105526453709327,0.1,0.0220528856043835,990.4663509993,0.543892806766426,0.1,1,-2.80514151466501,4.21019603948821,-2.76,H6 50AID50
2,BC657,71.045983960213,-2.84155046514317,0.923381817121133,0.37634073898595,0.1,0.0335968094226273,795.396176975826,0.647566736224127,0.1,1,-3.15212243671659,4.21019603948821,-2.76,H6 50AID50
3,BC657,64.7022086090262,-2.84155046514317,0.92050943246539,0.276607458712069,0.1,0.0503118518436723,305.50829917901,0.475638747788914,0.1,1,-3.06328162394219,4.21019603948821,-2.76,H6 50AID50
4,BC657,55.7211212447013,-2.84155046514317,0.926382435600663,-0.199775808442028,0.1,0.0787905070652675,248.407546750054,0.888066751316177,0.1,1,-3.16252861322818,4.21019603948821,-2.76,H6 50AID50
5,BC657,88.4982125869097,-2.84155046514317,0.929526619383455,0.261421009936315,0.1,0.0340130239090773,999.278552641633,0.716320888815008,0.1,1,-3.01001153287315,4.21019603948821,-2.76,H6 50AID50
6,BC657,75.2149869027883,-2.84155046514317,0.927654054969036,0.168001520678297,0.1,0.086786058024715,486.817781048267,0.521487726512442,0.1,1,-2.81972079682401,4.21019603948821,-2.76,H6 50AID50
7,BC657,45.256141361825,-2.84155046514317,0.930147474662786,0.0796928833186436,0.1,0.0739908661611972,679.915654814822,0.573703957582121,0.1,1,-2.92621520671454,4.21019603948821,-2.76,H6 50AID50
8,BC657,43.8983681734939,-2.84155046514317,0.923123778019619,0.0970513950658452,0.1,0.0183425439339861,1147.08306955441,0.547779938849912,0.1,1,-2.80039115331665,4.21019603948821,-2.76,H6 50AID50
9,BC657,72.9819333161497,-2.84155046514317,0.928202818909815,0.38521138806719,0.1,0.0463161071429584,1077.64780915302,0.692038812230963,0.1,1,-3.15587214033461,4.21019603948821,-2.76,H6 50AID50
10,BC657,36.6048272789,-2.84155046514317,0.923071877196476,0.192291924605317,0.1,0.0267929731273275,635.659352280781,0.668311106411009,0.1,1,-3.26489718640354,4.21019603948821,-2.76,H6 50AID50
1,BD885,271.419291521447,-2.84155046514317,0.923295680099669,-0.410401216473068,0.1,0.0750626363433661,644.18243767601,0.675582162519303,0.1,1,-2.3488452270146,4.21019603948821,-2.76,Non H6 50AID50
2,BD885,121.297871074926,-2.84155046514317,0.924730239491452,-0.0472786625461086,0.1,0.102803185882246,486.342551980613,0.767473699976463,0.1,1,-3.33964418611055,4.21019603948821,-2.76,Non H6 50AID50
3,BD885,183.004032575806,-2.84155046514317,0.929410360560618,-0.115543652346356,0.1,0.0701172205999639,501.636851812031,0.722313025885277,0.1,1,-3.25935880314464,4.21019603948821,-2.76,Non H6 50AID50
4,BD885,242.332400133467,-2.84155046514317,0.91907893955215,0.0875274217947015,0.1,0.0773295082090907,509.495195220235,0.564826371223854,0.1,1,-3.09430581729476,4.21019603948821,-2.76,Non H6 50AID50
5,BD885,538.499391787245,-2.84155046514317,0.921822750070926,-0.141383151534443,0.1,0.165114244922101,387.536265773232,0.658464244123879,0.1,1,-2.84485275581099,4.21019603948821,-2.76,Non H6 50AID50
6,BD885,108.316819019287,-2.84155046514317,0.921553573900576,-0.231171427061618,0.1,0.203697083458054,458.021778902844,0.43247755544948,0.1,1,-2.76172964509388,4.21019603948821,-2.76,Non H6 50AID50
7,BD885,185.756288239561,-2.84155046514317,0.920314595013526,-0.00324155068317531,0.1,0.080678388944855,506.466729923554,0.537566955467852,0.1,1,-2.80356495208202,4.21019603948821,-2.76,Non H6 50AID50
8,BD885,471.19093083098,-2.84155046514317,0.92867727413194,-0.183650979178115,0.1,0.374925048433882,426.196905458998,0.48950269187133,0.1,1,-2.38245512005487,4.21019603948821,-2.76,Non H6 50AID50
9,BD885,224.304718611633,-2.84155046514317,0.923800345323201,-0.301827254611619,0.1,0.142020460873986,506.575913153821,0.567346506603669,0.1,1,-2.55399217235757,4.21019603948821,-2.76,Non H6 50AID50
10,BD885,146.961105829911,-2.84155046514317,0.921089375198801,-0.409471910141942,0.1,0.0909796767908611,673.387193416092,0.523357055473596,0.1,1,-2.46841964359616,4.21019603948821,-2.76,Non H6 50AID50
1,BG927,1359.94014601978,-2.84155046514317,0.926504798360984,-0.0368439521595077,0.1,0.10163217840586,234.422359297741,0.634467796907995,0.1,1,-1.98138072267319,4.21019603948821,-2.76,Non H6 50AID50
2,BG927,1721.20724263076,-2.84155046514317,0.917260763750882,0.0729275166722153,0.1,0.174557560983768,328.329574334224,0.812740515773092,0.1,1,-2.34088101529376,4.21019603948821,-2.76,Non H6 50AID50
3,BG927,3095.00584315643,-2.84155046514317,0.926857524249006,-0.00662406463236374,0.1,0.0678084468086944,385.324404707942,0.663582927506009,0.1,1,-1.91380273011748,4.21019603948821,-2.76,Non H6 50AID50
4,BG927,1430.21075848433,-2.84155046514317,0.92769426633714,0.0602277041362867,0.1,0.0723377687668048,482.315706566638,0.787166681122068,0.1,1,-2.30202129294946,4.21019603948821,-2.76,Non H6 50AID50
5,BG927,1412.60273493736,-2.84155046514317,0.926969803299359,0.0774711712608043,0.1,0.0264037492823259,585.016185501806,0.560783766548658,0.1,1,-1.89870936817114,4.21019603948821,-2.76,Non H6 50AID50
6,BG927,2752.49787449145,-2.84155046514317,0.930324322663206,0.0359626140686011,0.1,0.0994240856209646,424.489795866246,0.627527569104531,0.1,1,-1.9669680393625,4.21019603948821,-2.76,Non H6 50AID50
7,BG927,1118.45964208171,-2.84155046514317,0.92519729462564,0.0863505693894774,0.1,0.0542983255480339,679.044098374336,0.584584378725881,0.1,1,-2.03418705975951,4.21019603948821,-2.76,Non H6 50AID50
8,BG927,1162.75769589031,-2.84155046514317,0.928404763847404,0.0646872735990814,0.1,0.070053424198788,439.808885275005,0.610967018379103,0.1,1,-2.03804353719089,4.21019603948821,-2.76,Non H6 50AID50
9,BG927,554.638283697637,-2.84155046514317,0.921724469565283,0.0986670430333017,0.1,0.0552146979673554,871.024413409221,0.709583053395654,0.1,1,-2.27695704930075,4.21019603948821,-2.76,Non H6 50AID50
10,BG927,765.354800193599,-2.84155046514317,0.923341906504029,0.0960493802730931,0.1,0.0766673418570669,300.517437244057,0.632304558909765,0.1,1,-2.22590379419516,4.21019603948821,-2.76,Non H6 50AID50
1,BL669,555.397249999182,-2.84155046514317,0.919947081369608,0.246657945153161,0.1,0.132376516424713,508.357455959287,0.552914863731109,0.1,1,-2.69437209855398,4.21019603948821,-2.76,Non H6 50AID50
2,BL669,461.63782766065,-2.84155046514317,0.911739072309588,0.264620154430126,0.1,0.0539710202859238,539.240889108786,0.693642047650408,0.1,1,-2.8686445040951,4.21019603948821,-2.76,Non H6 50AID50
3,BL669,2003.1391198707,-2.84155046514317,0.916000298458592,0.00706833437267194,0.1,0.071296349576757,898.617121241268,0.605542088644462,0.1,1,-1.89381220287865,4.21019603948821,-2.76,Non H6 50AID50
4,BL669,707.159681322668,-2.84155046514317,0.91958430518208,0.0444894109974829,0.1,0.0592363140558363,857.955657109059,0.768139419717814,0.1,1,-2.53064777657421,4.21019603948821,-2.76,Non H6 50AID50
5,BL669,459.655580633449,-2.84155046514317,0.913504285941139,0.262608763410188,0.1,0.0589561932740516,351.945868781807,0.71783986594553,0.1,1,-2.86436290262642,4.21019603948821,-2.76,Non H6 50AID50
6,BL669,961.939212333986,-2.84155046514317,0.916719401488307,-0.0650421661661319,0.1,0.0586587736298528,395.054034055401,0.816143871752907,0.1,1,-2.59183995337597,4.21019603948821,-2.76,Non H6 50AID50
7,BL669,175.393335123043,-2.84155046514317,0.911926535447874,0.347872417394167,0.1,0.0540545727804465,601.382826518082,0.542709971011307,0.1,1,-2.80509246246015,4.21019603948821,-2.76,Non H6 50AID50
8,BL669,336.669642151787,-2.84155046514317,0.914308838124403,0.158245789649949,0.1,0.0222321401446822,699.534445934341,0.657993548752836,0.1,1,-2.65749393025908,4.21019603948821,-2.76,Non H6 50AID50
9,BL669,501.432290560136,-2.84155046514317,0.913121694553235,0.407224333789096,0.1,0.0322109765346847,1046.38276538225,0.796978403955683,0.1,1,-2.95159539068897,4.21019603948821,-2.76,Non H6 50AID50
10,BL669,572.700057341458,-2.84155046514317,0.913723602204716,-0.123914604268351,0.1,0.0466810986516626,429.268934507341,0.750397584476801,0.1,1,-2.28183042477586,4.21019603948821,-2.76,Non H6 50AID50
1,BO186,811.205852575891,-2.84155046514317,0.901587263285476,0.522505368997139,0.1,0.0217567780780165,358.760351814822,0.777731223545292,0.1,1,-2.74523404674475,4.21019603948821,-2.76,Non H6 5AID50
2,BO186,1468.42434145018,-2.84155046514317,0.903655940936688,0.151834562232455,0.1,0.0373587939331267,396.561091241376,0.774839979787196,0.1,1,-2.17902224310524,4.21019603948821,-2.76,Non H6 5AID50
3,BO186,1029.19928150812,-2.84155046514317,0.906076456687372,0.244397834570489,0.1,0.0557397667486757,321.907890358312,0.585786704524672,0.1,1,-2.10429614354902,4.21019603948821,-2.76,Non H6 5AID50
4,BO186,1177.66872738277,-2.84155046514317,0.907460549708141,0.247515132068312,0.1,0.0346905629140618,327.038738791309,0.773603713606234,0.1,1,-2.34210633640652,4.21019603948821,-2.76,Non H6 5AID50
5,BO186,997.095768238365,-2.84155046514317,0.906699382242282,0.346069706957993,0.1,0.0613369158543446,378.98591775001,0.81368938635382,0.1,1,-2.57440329104986,4.21019603948821,-2.76,Non H6 5AID50
6,BO186,1322.01206873564,-2.84155046514317,0.912879959299404,0.314053480116605,0.1,0.0486750702586813,419.102874692732,0.766228116828123,0.1,1,-2.46382164837485,4.21019603948821,-2.76,Non H6 5AID50
7,BO186,473.62118160015,-2.84155046514317,0.910407141889641,0.193124302333004,0.1,0.0741927596608394,79.9285383589854,0.709295311439196,0.1,1,-2.58778976723995,4.21019603948821,-2.76,Non H6 5AID50
8,BO186,599.406336848368,-2.84155046514317,0.904917589923523,0.361783558856578,0.1,0.0233138419180802,302.63611687142,0.665714676285259,0.1,1,-2.4610734001833,4.21019603948821,-2.76,Non H6 5AID50
9,BO186,864.998434732353,-2.84155046514317,0.915488676727144,0.303567991998101,0.1,0.0240042416601301,168.799397804628,0.688118100223194,0.1,1,-2.54966819252569,4.21019603948821,-2.76,Non H6 5AID50
10,BO186,1218.06429226453,-2.84155046514317,0.908972262714106,-0.025600665871213,0.1,0.110961918486914,135.851449414275,0.843186243746409,0.1,1,-2.35886092245745,4.21019603948821,-2.76,Non H6 5AID50
1,BO413,787.134803939325,-2.84155046514317,0.916881544404569,-0.097306669961664,0.1,0.123273445064414,441.950384205792,0.655146040443421,0.1,1,-1.90040680473407,4.21019603948821,-2.76,Non H6 50AID50
2,BO413,1017.34198426279,-2.84155046514317,0.916278872772795,0.117960761457126,0.1,0.135969776379402,639.349304484521,0.932667682424186,0.1,1,-2.90876496302338,4.21019603948821,-2.76,Non H6 50AID50
3,BO413,1454.25045832565,-2.84155046514317,0.913439276211641,-0.0816337822898647,0.1,0.0396396366977632,942.468759185605,0.656202481799074,0.1,1,-1.54543622877147,4.21019603948821,-2.76,Non H6 50AID50
4,BO413,658.384723659153,-2.84155046514317,0.913894897419028,0.0207914625445186,0.1,0.124600543231897,577.681788539581,0.563193092941138,0.1,1,-1.99804624625201,4.21019603948821,-2.76,Non H6 50AID50
5,BO413,743.181181032306,-2.84155046514317,0.902562260195077,0.0655620712299413,0.1,0.103793386356919,443.52918323157,0.557590712869549,0.1,1,-1.97961248791207,4.21019603948821,-2.76,Non H6 50AID50
6,BO413,732.54804852044,-2.84155046514317,0.917415057114662,0.40232435202918,0.1,0.0541238935433776,886.958031186668,0.906388729956863,0.1,1,-2.94376856847957,4.21019603948821,-2.76,Non H6 50AID50
7,BO413,516.353861250767,-2.84155046514317,0.917468452989979,0.0427022157301793,0.1,0.0634303866881483,510.124135963515,0.628095866205606,0.1,1,-2.29934649006276,4.21019603948821,-2.76,Non H6 50AID50
8,BO413,397.690185730767,-2.84155046514317,0.908644286023251,0.0828577288761456,0.1,0.0754898490916379,422.141236131044,0.476940932621861,0.1,1,-2.07222876878002,4.21019603948821,-2.76,Non H6 50AID50
9,BO413,975.146566841388,-2.84155046514317,0.91559477735587,-0.0828502604518746,0.1,0.143205717843503,264.291017585114,0.687140958273311,0.1,1,-2.07497482163272,4.21019603948821,-2.76,Non H6 50AID50
10,BO413,897.665335881747,-2.84155046514317,0.918946258442634,-0.247653831378609,0.1,0.139060195224396,509.584943111632,0.86900307492838,0.1,1,-2.22087839695612,4.21019603948821,-2.76,Non H6 50AID50
